West Palm Beach	8/8/2026	90	81	77	21	30.07	0.37
West Palm Beach	8/7/2026	91	78	81	16	30.04	1.68
West Palm Beach	8/6/2026	91	80	74	18	30.08	0.02
West Palm Beach	8/5/2026	89	76	81	13	30.08	0
West Palm Beach	8/4/2026	93	77	74	14	30.01	0
West Palm Beach	8/3/2026	93	78	77	16	29.95	0.04
West Palm Beach	8/2/2026	89	74	82	24	29.96	2.58
West Palm Beach	8/1/2026	96	79	77	13	29.97	0.08
West Palm Beach	7/31/2026	95	80	73	12	30.01	0
West Palm Beach	7/30/2026	95	79	71	17	29.98	0
West Palm Beach	7/29/2026	95	78	74	22	29.92	0.95
West Palm Beach	7/28/2026	94	78	73	18	29.88	0
West Palm Beach	7/27/2026	96	75	75	13	29.9	0
West Palm Beach	7/26/2026	93	77	76	14	29.98	0.1
West Palm Beach	7/25/2026	94	78	79	28	30.05	0.33
West Palm Beach	7/24/2026	92	81	70	14	30.04	0
West Palm Beach	7/23/2026	93	82	68	17	30.03	0
West Palm Beach	7/22/2026	91	83	66	16	30	0
West Palm Beach	7/21/2026	92	83	67	15	30	0
West Palm Beach	7/20/2026	94	82	72	22	29.97	0
West Palm Beach	7/19/2026	93	79	70	20	29.98	0
West Palm Beach	7/18/2026	91	78	75	15	30.05	0
West Palm Beach	7/17/2026	95	75	76	20	30.06	0.3
West Palm Beach	7/16/2026	95	77	68	16	30.07	1.21
West Palm Beach	7/15/2026	93	76	65	12	30.09	0
West Palm Beach	7/14/2026	93	76	71	13	30.11	0.01
West Palm Beach	7/13/2026	95	72	73	30	30.14	9.03
West Palm Beach	7/12/2026	94	75	77	26	30.13	0.02
West Palm Beach	7/11/2026	93	73	73	20	30.13	0.93
West Palm Beach	7/10/2026	94	75	70	20	30.1	0
West Palm Beach	7/9/2026	93	85	68	17	30.1	0
West Palm Beach	7/8/2026	94	79	73	15	30.1	0
West Palm Beach	7/7/2026	93	77	76	13	30.09	0
West Palm Beach	7/6/2026	93	75	80	21	30.06	0.19
West Palm Beach	7/5/2026	94	75	73	23	30.02	0.22
West Palm Beach	7/4/2026	92	78	73	22	30.03	0
West Palm Beach	7/3/2026	93	79	75	17	30.03	0.22
West Palm Beach	7/2/2026	92	80	71	14	29.99	0
West Palm Beach	7/1/2026	92	78	72	16	29.96	0
West Palm Beach	6/30/2026	94	78	69	14	30	0
West Palm Beach	6/29/2026	93	78	69	14	30.04	0
West Palm Beach	6/28/2026	90	81	75	14	30.06	0.17
West Palm Beach	6/27/2026	92	78	75	14	30.11	0
West Palm Beach	6/26/2026	90	79	74	17	30.12	0.25
West Palm Beach	6/25/2026	93	75	73	15	30.06	0
West Palm Beach	6/24/2026	92	76	77	18	30.05	0.36
West Palm Beach	6/23/2026	92	80	75	13	30.11	0.86
West Palm Beach	6/22/2026	95	79	70	15	30.09	0
West Palm Beach	6/21/2026	96	75	70	15	30	0
West Palm Beach	6/20/2026	92	74	75	31	30.01	0.59
West Palm Beach	6/19/2026	94	77	70	25	30.04	0
West Palm Beach	6/18/2026	94	81	72	18	30.03	0
West Palm Beach	6/17/2026	93	77	75	17	30.01	0.07
West Palm Beach	6/16/2026	93	77	75	16	29.97	0.27
West Palm Beach	6/15/2026	94	77	74	21	30	0.09
West Palm Beach	6/14/2026	93	76	71	16	30.02	0.34
West Palm Beach	6/13/2026	91	77	68	14	30.02	0
West Palm Beach	6/12/2026	90	76	65	13	30.02	0
West Palm Beach	6/11/2026	89	75	70	15	30	0
West Palm Beach	6/10/2026	88	80	68	15	30.02	0
West Palm Beach	6/9/2026	89	78	74	14	30.08	0
West Palm Beach	6/8/2026	90	75	70	13	30.05	0
West Palm Beach	6/7/2026	88	80	68	17	29.99	0
West Palm Beach	6/6/2026	86	77	62	16	30.01	0.02
West Palm Beach	6/5/2026	86	77	56	15	30.05	0
West Palm Beach	6/4/2026	87	75	67	15	30.06	0.96
West Palm Beach	6/3/2026	85	74	82	20	30.02	1.32
West Palm Beach	6/2/2026	92	74	79	32	29.96	2.36
West Palm Beach	6/1/2026	94	78	76	21	29.95	0.05
New York	8/1/2026	87	74	71	14	29.95	0
New York	8/2/2026	84	76	88	16	29.9	0.02
New York	8/3/2026	86	74	70	17	29.78	4.62
New York	8/4/2026	86	71	67	9	30.09	0
New York	8/5/2026	84	73	82	9	30.13	0.03
New York	8/6/2026	91	81	83	12	30.1	0.1
New York	8/7/2026	94	77	77	13	30.09	3.12
New York	8/8/2026	91	77	77	9	30.03	0
New York	7/1/2026	95	75	75	10	29.98	0
New York	7/2/2026	102	80	47	7	29.95	0
New York	7/3/2026	100	75	61	10	29.94	1.31
New York	7/4/2026	98	75	59	10	29.9	0.06
New York	7/5/2026	83	73	92	15	29.97	0.38
New York	7/6/2026	72	68	80	20	30.04	2.33
New York	7/7/2026	72	66	80	17	30.03	0.02
New York	7/8/2026	85	67	70	10	30.01	0
New York	7/9/2026	84	71	87	10	29.88	1.06
New York	7/10/2026	87	75	73	8	29.81	0
New York	7/11/2026	83	73	87	15	29.96	0.29
New York	7/12/2026	85	72	66	10	30.15	0
New York	7/13/2026	86	71	69	12	30.19	0
New York	7/14/2026	91	72	69	29	30.02	0.04
New York	7/15/2026	97	78	76	13	29.86	0.33
New York	7/16/2026	88	77	58	14	29.89	0
New York	7/17/2026	92	75	53	9	30.01	0
New York	7/18/2026	77	73	92	14	29.84	14.98
New York	7/19/2026	84	73	49	16	29.81	0.01
New York	7/20/2026	85	68	55	13	29.98	0
New York	7/21/2026	81	73	98	17	29.79	1.57
New York	7/22/2026	88	73	52	16	29.76	0
New York	7/23/2026	82	68	53	10	30.11	0
New York	7/24/2026	83	70	56	10	30.2	0
New York	7/25/2026	81	70	62	10	30.09	0
New York	7/26/2026	88	69	65	7	29.9	0
New York	7/27/2026	85	72	82	10	29.81	0
New York	7/28/2026	81	72	100	15	29.68	0
New York	7/29/2026	85	72	75	9	29.56	0
New York	7/30/2026	80	69	90	12	29.76	0.6
New York	7/31/2026	87	71	72	8	29.94	0.01
New York	6/1/2026	71	56	70	14	30.02	0
New York	6/2/2026	78	55	53	14	30.16	0
New York	6/3/2026	84	65	37	22	30.18	0
New York	6/4/2026	86	64	40	8	30.1	0.2
New York	6/5/2026	89	65	51	8	29.98	0
New York	6/6/2026	87	68	53	13	29.85	0.38
New York	6/7/2026	86	68	49	10	29.84	0
New York	6/8/2026	75	64	58	20	30.23	0
New York	6/9/2026	79	62	52	15	30.18	0
New York	6/10/2026	83	68	82	8	29.9	0
New York	6/11/2026	92	73	67	13	29.76	0
New York	6/12/2026	92	72	70	12	29.73	0.95
New York	6/13/2026	88	71	59	8	29.86	0
New York	6/14/2026	90	70	63	12	29.8	0.1
New York	6/15/2026	79	65	57	15	29.68	1.73
New York	6/16/2026	77	60	61	12	29.86	0
New York	6/17/2026	78	64	69	12	29.82	0
New York	6/18/2026	88	69	59	24	29.62	0
New York	6/19/2026	84	72	45	16	29.69	0
New York	6/20/2026	84	67	46	12	29.77	0
New York	6/21/2026	81	67	63	9	29.88	0
New York	6/22/2026	74	68	85	13	29.93	2.11
New York	6/23/2026	72	68	100	9	29.85	0.09
New York	6/24/2026	85	66	58	9	29.95	0
New York	6/25/2026	83	67	65	13	30.05	0
New York	6/26/2026	82	68	86	16	30.03	0.06
New York	6/27/2026	78	70	88	7	30.02	0.03
New York	6/28/2026	83	70	75	8	29.99	0
New York	6/29/2026	88	68	59	9	30.08	0
New York	6/30/2026	89	72	68	10	30.08	0
Denver	8/1/2026	93	62	38	20	24.55	0
Denver	8/2/2026	101	71	23	25	24.38	0
Denver	8/3/2026	101	67	22	20	24.33	0
Denver	8/4/2026	74	53	51	16	24.51	0
Denver	8/5/2026	85	53	54	20	24.47	0
Denver	8/6/2026	97	61	30	21	24.46	0
Denver	8/7/2026	96	63	20	14	24.53	0
Denver	8/8/2026	97	70	20	15	24.49	0
Denver	7/1/2026	90	54	38	26	24.33	0
Denver	7/2/2026	90	53	37	16	24.37	0.01
Denver	7/3/2026	92	59	27	15	24.43	0
Denver	7/4/2026	89	59	34	28	24.51	0.01
Denver	7/5/2026	94	62	24	21	24.48	0
Denver	7/6/2026	96	71	19	25	24.46	0
Denver	7/7/2026	97	69	28	23	24.47	0
Denver	7/8/2026	93	62	37	20	24.49	0
Denver	7/9/2026	91	59	42	22	24.44	0
Denver	7/10/2026	90	57	41	16	24.46	0.18
Denver	7/11/2026	96	62	34	22	24.51	0
Denver	7/12/2026	96	67	35	21	24.56	0
Denver	7/13/2026	97	68	31	23	24.52	0
Denver	7/14/2026	95	66	33	25	24.52	0
Denver	7/15/2026	94	67	32	24	24.46	0
Denver	7/16/2026	93	69	33	22	24.45	0
Denver	7/17/2026	93	67	32	20	24.46	0
Denver	7/18/2026	94	65	35	15	24.49	0
Denver	7/19/2026	98	67	30	18	24.44	0
Denver	7/20/2026	100	71	25	15	24.42	0
Denver	7/21/2026	97	67	36	22	24.51	0
Denver	7/22/2026	94	65	59	18	24.49	0.41
Denver	7/23/2026	85	65	60	21	24.49	0.08
Denver	7/24/2026	96	67	49	22	24.5	0
Denver	7/25/2026	101	70	32	21	24.48	0
Denver	7/26/2026	101	72	28	26	24.45	0
Denver	7/27/2026	92	72	40	18	24.46	0.01
Denver	7/28/2026	92	68	54	20	24.45	0
Denver	7/29/2026	90	68	63	22	24.43	0.07
Denver	7/30/2026	94	66	41	21	24.46	0
Denver	7/31/2026	90	63	43	18	24.59	0
Denver	6/1/2026	79	56	50	28	24.46	0.3
Denver	6/2/2026	76	53	56	20	24.51	0.06
Denver	6/3/2026	78	57	51	21	24.46	0
Denver	6/4/2026	87	52	30	14	24.33	0
Denver	6/5/2026	88	58	33	20	24.33	0
Denver	6/6/2026	92	61	26	31	24.24	0
Denver	6/7/2026	93	62	20	20	24.16	0
Denver	6/8/2026	82	62	49	22	24.35	0.03
Denver	6/9/2026	93	57	46	21	24.24	0
Denver	6/10/2026	87	52	27	15	24.21	0
Denver	6/11/2026	78	47	21	17	24.39	0
Denver	6/12/2026	92	58	16	25	24.36	0
Denver	6/13/2026	79	55	37	17	24.46	0
Denver	6/14/2026	72	50	47	22	24.58	0
Denver	6/15/2026	81	51	38	14	24.48	0
Denver	6/16/2026	94	54	20	20	24.3	0
Denver	6/17/2026	93	62	15	24	24.18	0
Denver	6/18/2026	88	53	26	25	24.36	0
Denver	6/19/2026	83	59	35	25	24.41	0
Denver	6/20/2026	88	51	59	25	24.29	0
Denver	6/21/2026	87	58	43	21	24.31	0.01
Denver	6/22/2026	89	54	45	22	24.43	0
Denver	6/23/2026	82	59	59	17	24.52	0
Denver	6/24/2026	87	58	65	21	24.46	0.01
Denver	6/25/2026	77	54	77	26	24.41	0.41
Denver	6/26/2026	89	56	43	24	24.31	0
Denver	6/27/2026	97	66	24	25	24.16	0
Denver	6/28/2026	94	55	27	21	24.14	0
Denver	6/29/2026	89	57	24	21	24.2	0
Denver	6/30/2026	91	56	33	28	24.31	0
Anchorage	8/1/2026	70	53	64	8	29.81	0
Anchorage	8/2/2026	60	52	82	13	29.98	0
Anchorage	8/3/2026	67	56	67	12	29.97	0.13
Anchorage	8/4/2026	63	56	83	12	29.89	0.24
Anchorage	8/5/2026	63	54	92	6	29.93	0.04
Anchorage	8/6/2026	64	55	85	9	29.97	0.05
Anchorage	8/7/2026	64	57	76	12	29.99	0
Anchorage	8/8/2026	60	51	87	6	30.01	0
Anchorage	7/1/2026	65	44	62	10	29.74	0
Anchorage	7/2/2026	64	47	61	15	29.6	0
Anchorage	7/3/2026	60	52	66	15	29.71	0
Anchorage	7/4/2026	60	49	82	8	29.79	0.21
Anchorage	7/5/2026	64	52	66	8	29.78	0
Anchorage	7/6/2026	66	50	62	12	29.7	0
Anchorage	7/7/2026	73	52	55	15	29.56	0
Anchorage	7/8/2026	60	56	61	7	29.66	0
Anchorage	7/9/2026	59	53	76	8	29.77	0.13
Anchorage	7/10/2026	70	55	71	9	29.76	0
Anchorage	7/11/2026	64	54	76	14	29.67	0
Anchorage	7/12/2026	56	53	90	6	29.71	0.59
Anchorage	7/13/2026	58	51	85	9	29.89	0.26
Anchorage	7/14/2026	58	51	89	9	29.76	0.75
Anchorage	7/15/2026	63	50	75	14	29.76	0.09
Anchorage	7/16/2026	57	51	80	9	29.86	0.26
Anchorage	7/17/2026	57	49	85	7	29.74	0.17
Anchorage	7/18/2026	59	50	83	8	29.87	0.1
Anchorage	7/19/2026	55	50	92	8	29.9	0.93
Anchorage	7/20/2026	56	51	94	9	29.9	1.21
Anchorage	7/21/2026	59	49	73	12	29.92	0.11
Anchorage	7/22/2026	60	49	84	9	29.87	0.27
Anchorage	7/23/2026	65	53	67	24	29.59	0.11
Anchorage	7/24/2026	72	54	52	14	29.77	0
Anchorage	7/25/2026	66	51	54	10	29.73	0
Anchorage	7/26/2026	72	48	63	8	29.67	0
Anchorage	7/27/2026	68	55	60	10	29.6	0
Anchorage	7/28/2026	62	53	75	12	29.67	0
Anchorage	7/29/2026	67	50	72	8	29.77	0
Anchorage	7/30/2026	72	56	62	9	29.82	0
Anchorage	7/31/2026	74	54	61	8	29.77	0
Anchorage	6/1/2026	62	41	50	9	30.22	0
Anchorage	6/2/2026	72	49	48	10	29.97	0
Anchorage	6/3/2026	78	52	40	8	29.72	0
Anchorage	6/4/2026	76	52	41	9	29.68	0
Anchorage	6/5/2026	73	53	43	9	29.54	0
Anchorage	6/6/2026	67	51	47	14	29.43	0
Anchorage	6/7/2026	61	50	53	8	29.5	0
Anchorage	6/8/2026	61	52	62	12	29.55	0
Anchorage	6/9/2026	64	51	70	13	29.63	0.05
Anchorage	6/10/2026	65	52	62	12	29.84	0
Anchorage	6/11/2026	55	47	81	9	30.05	0
Anchorage	6/12/2026	65	45	79	9	30.08	0
Anchorage	6/13/2026	65	52	57	10	29.86	0
Anchorage	6/14/2026	64	52	54	18	29.59	0
Anchorage	6/15/2026	63	51	57	13	29.69	0
Anchorage	6/16/2026	63	47	60	10	29.83	0
Anchorage	6/17/2026	61	50	66	10	30.11	0
Anchorage	6/18/2026	69	49	60	10	30.19	0
Anchorage	6/19/2026	68	54	59	10	30.07	0
Anchorage	6/20/2026	58	51	77	13	30.03	0
Anchorage	6/21/2026	64	51	72	7	30	0
Anchorage	6/22/2026	63	54	70	9	29.9	0.04
Anchorage	6/23/2026	59	53	72	13	29.94	0.04
Anchorage	6/24/2026	61	45	69	9	29.88	0
Anchorage	6/25/2026	64	49	65	9	29.65	0
Anchorage	6/26/2026	64	54	64	6	29.59	0
Anchorage	6/27/2026	61	55	77	9	29.73	0.04
Anchorage	6/28/2026	62	55	72	9	29.91	0.07
Anchorage	6/29/2026	59	50	70	15	29.93	0.09
Anchorage	6/30/2026	59	46	74	7	29.88	0.24
Dallas	8/1/2026	97	85	39	16	29.37	0
Dallas	8/2/2026	95	76	42	10	29.38	0
Dallas	8/3/2026	99	77	38	12	29.35	0
Dallas	8/4/2026	100	82	41	14	29.39	0
Dallas	8/5/2026	101	83	45	13	29.44	0
Dallas	8/6/2026	100	82	44	13	29.49	0
Dallas	8/7/2026	100	81	50	10	29.51	0
Dallas	8/8/2026	99	83	56	12	29.53	0
Dallas	7/1/2026	95	80	56	15	29.46	0
Dallas	7/2/2026	95	81	53	10	29.48	0
Dallas	7/3/2026	97	80	53	16	29.49	0
Dallas	7/4/2026	98	83	50	10	29.45	0
Dallas	7/5/2026	97	78	51	14	29.44	0
Dallas	7/6/2026	98	80	46	9	29.44	0
Dallas	7/7/2026	101	82	50	18	29.5	0
Dallas	7/8/2026	101	81	49	14	29.49	0
Dallas	7/9/2026	101	84	45	15	29.44	0
Dallas	7/10/2026	98	82	47	15	29.44	0
Dallas	7/11/2026	98	81	54	15	29.49	0
Dallas	7/12/2026	98	79	61	17	29.54	0
Dallas	7/13/2026	92	77	74	14	29.57	0.68
Dallas	7/14/2026	91	77	70	12	29.55	0
Dallas	7/15/2026	91	75	70	13	29.56	0.01
Dallas	7/16/2026	89	77	69	16	29.55	0.11
Dallas	7/17/2026	94	78	64	12	29.57	0.01
Dallas	7/18/2026	97	80	55	14	29.51	0
Dallas	7/19/2026	98	82	53	13	29.44	0
Dallas	7/20/2026	102	83	49	12	29.39	0
Dallas	7/21/2026	107	84	40	9	29.36	0
Dallas	7/22/2026	108	89	42	13	29.36	0
Dallas	7/23/2026	97	83	51	14	29.44	0
Dallas	7/24/2026	94	80	64	16	29.46	0
Dallas	7/25/2026	98	82	48	13	29.51	0
Dallas	7/26/2026	98	82	47	10	29.46	0
Dallas	7/27/2026	99	82	46	12	29.38	0
Dallas	7/28/2026	99	81	50	13	29.33	0
Dallas	7/29/2026	98	83	52	12	29.35	0
Dallas	7/30/2026	99	82	49	13	29.39	0
Dallas	7/31/2026	102	83	45	12	29.4	0
Dallas	6/1/2026	94	79	59	13	29.43	0
Dallas	6/2/2026	96	75	63	16	29.49	0
Dallas	6/3/2026	89	72	72	12	29.54	0
Dallas	6/4/2026	86	73	73	14	29.48	0.06
Dallas	6/5/2026	83	75	80	14	29.42	0
Dallas	6/6/2026	88	72	83	16	29.33	0.27
Dallas	6/7/2026	92	70	84	17	29.28	2.94
Dallas	6/8/2026	94	78	70	17	29.37	0
Dallas	6/9/2026	92	78	64	16	29.47	0
Dallas	6/10/2026	93	78	65	20	29.36	0
Dallas	6/11/2026	93	80	65	17	29.31	0
Dallas	6/12/2026	89	78	71	21	29.43	0
Dallas	6/13/2026	91	78	66	16	29.41	0
Dallas	6/14/2026	84	71	74	17	29.47	0.04
Dallas	6/15/2026	86	75	74	14	29.45	0
Dallas	6/16/2026	89	74	73	12	29.34	0
Dallas	6/17/2026	91	77	69	17	29.16	0
Dallas	6/18/2026	94	77	67	16	29.18	0
Dallas	6/19/2026	84	70	87	29	29.4	13.37
Dallas	6/20/2026	92	74	75	13	29.39	0
Dallas	6/21/2026	92	76	70	16	29.27	0
Dallas	6/22/2026	94	72	71	20	29.39	0.73
Dallas	6/23/2026	93	79	67	14	29.54	0
Dallas	6/24/2026	94	79	62	12	29.48	0
Dallas	6/25/2026	92	78	58	14	29.41	0
Dallas	6/26/2026	94	79	59	21	29.4	0
Dallas	6/27/2026	96	80	60	20	29.39	0
Dallas	6/28/2026	96	80	60	20	29.36	0
Dallas	6/29/2026	96	82	57	17	29.42	0
Dallas	6/30/2026	95	79	59	15	29.48	0
Seattle	8/1/2026	73	60	63	18	30.1	0
Seattle	8/2/2026	70	58	63	8	30.19	0
Seattle	8/3/2026	74	55	63	10	30.16	0
Seattle	8/4/2026	79	59	59	8	29.98	0
Seattle	8/5/2026	84	60	56	9	29.9	0
Seattle	8/6/2026	86	62	54	8	29.93	0
Seattle	8/7/2026	85	62	56	7	30.01	0
Seattle	8/8/2026	71	62	74	6	30.07	0
Seattle	7/1/2026	65	55	67	9	30.04	0
Seattle	7/2/2026	66	55	72	13	30.02	0
Seattle	7/3/2026	74	60	68	9	30.06	0
Seattle	7/4/2026	69	58	70	9	30.1	0
Seattle	7/5/2026	74	56	61	12	30.08	0
Seattle	7/6/2026	82	58	51	9	29.94	0
Seattle	7/7/2026	75	55	67	7	30.02	0
Seattle	7/8/2026	71	62	71	9	30.15	0
Seattle	7/9/2026	78	58	59	8	30.07	0
Seattle	7/10/2026	78	59	64	10	29.9	0
Seattle	7/11/2026	75	59	58	13	29.96	0
Seattle	7/12/2026	71	57	60	10	30.1	0
Seattle	7/13/2026	77	56	51	12	30.06	0
Seattle	7/14/2026	83	58	45	8	30.04	0
Seattle	7/15/2026	81	60	50	10	30.01	0
Seattle	7/16/2026	67	57	81	12	29.98	0.47
Seattle	7/17/2026	73	59	62	10	30.01	0
Seattle	7/18/2026	74	58	65	8	30.1	0
Seattle	7/19/2026	77	58	63	12	30.06	0
Seattle	7/20/2026	82	62	57	9	29.94	0
Seattle	7/21/2026	91	65	50	8	29.91	0
Seattle	7/22/2026	90	67	48	9	29.87	0
Seattle	7/23/2026	76	63	69	14	30	0
Seattle	7/24/2026	82	62	66	8	29.92	0
Seattle	7/25/2026	73	59	67	12	29.94	0
Seattle	7/26/2026	73	61	70	12	30.03	0
Seattle	7/27/2026	80	61	61	10	30.02	0
Seattle	7/28/2026	74	62	63	14	30.01	0
Seattle	7/29/2026	75	59	58	8	29.99	0
Seattle	7/30/2026	78	56	56	9	30.06	0
Seattle	7/31/2026	84	59	52	8	30.06	0
Seattle	6/1/2026	75	50	51	9	30.13	0
Seattle	6/2/2026	85	56	43	8	29.97	0
Seattle	6/3/2026	69	59	49	13	30.03	0
Seattle	6/4/2026	68	55	62	10	30.12	0
Seattle	6/5/2026	62	53	64	16	29.96	0.01
Seattle	6/6/2026	61	50	71	13	29.92	0.09
Seattle	6/7/2026	65	48	61	13	29.98	0
Seattle	6/8/2026	63	51	75	12	29.66	0.48
Seattle	6/9/2026	64	53	77	20	29.83	0.76
Seattle	6/10/2026	66	52	63	10	30.16	0
Seattle	6/11/2026	72	50	56	8	30.13	0
Seattle	6/12/2026	74	55	52	12	30.12	0
Seattle	6/13/2026	81	58	50	13	30.14	0
Seattle	6/14/2026	89	63	42	10	30.09	0
Seattle	6/15/2026	89	64	40	7	30.02	0
Seattle	6/16/2026	77	59	44	8	30.02	0
Seattle	6/17/2026	74	55	58	7	30.07	0
Seattle	6/18/2026	77	57	53	9	29.98	0
Seattle	6/19/2026	82	62	48	9	29.84	0
Seattle	6/20/2026	71	56	62	15	29.96	0
Seattle	6/21/2026	76	55	59	9	30.02	0
Seattle	6/22/2026	84	59	50	10	30.01	0
Seattle	6/23/2026	88	66	39	9	29.98	0
Seattle	6/24/2026	88	64	45	9	29.93	0
Seattle	6/25/2026	67	56	73	10	29.86	0
Seattle	6/26/2026	66	56	81	15	29.75	0.01
Seattle	6/27/2026	69	54	68	8	29.9	0.44
Seattle	6/28/2026	68	56	73	8	30.05	0
Seattle	6/29/2026	64	55	72	10	30.03	0
Seattle	6/30/2026	63	55	72	10	30.04	0

